{
 "cells": [
  {
   "cell_type": "markdown",
   "metadata": {},
   "source": [
    "## Portfolio optimization using Genetic Algorithm"
   ]
  },
  {
   "cell_type": "markdown",
   "metadata": {},
   "source": [
    "### Background : \n",
    "   \n",
    "   **Portfolio optimization** is one of the most interesting fields of study of financial mathematics. Since the birth of Modern Portfolio Theory (MPT) by Harry Markowitz, many scientists have studied a lot of analytical and numerical methods to build the best investment portfolio according to a defined set of assets. The power of genetic algorithms makes it possible to find the optimal portfolio.\n",
    "In dealing with this Optimization problem, Harry Markowitz 1959 developed a quantitative model, also called **mean-variance model**. The mean-variance model has been usually considered as either the minimization of an objective function representing the portfolio variance (risk) for a given level of return or the maximization of an objective function representing the portfolio return for a given level of risk.\n"
   ]
  },
  {
   "cell_type": "markdown",
   "metadata": {},
   "source": [
    "### Problem Statement: \n",
    "   Let’s say we have selected N financial assets we want to invest in. They can be stock, funds, bonds, ETF etc. Each one of them has many historical returns, that is the price relative difference from one period to another. Periods can be days, weeks, months and so on. Build an investment portfolio with a  mix of many assets (They can be stock, funds, bonds, ETF) together allocating a fraction x of total  capital to each one of them. Each fraction is called weight.  The goal of portfolio optimization is to find the values of the weights that Maximize returns and minimize risk simultaneously of our portfolio under some constraints. "
   ]
  },
  {
   "cell_type": "markdown",
   "metadata": {},
   "source": [
    "#### Given Data:\n",
    "Monthly Closing Stock values of HDFC, ITC, L&T, M&M, Sun Pharma and TCS from June 2015 to June 2018."
   ]
  },
  {
   "cell_type": "markdown",
   "metadata": {},
   "source": [
    "### Approach and Tasks:\n",
    "\n",
    "1. Read the data and combine them into one dataframe.\n",
    "2. Calculate the historical returns for 3 months, 6 months, 12 months, 24 months and 36 months for each of the stocks.\n",
    "3. Define **Gene** (Scalar): A fraction of the total capital assigned to a stock.\n",
    "4. Define **Chromosome** (1D Array): Set of genes i.e. fractions of total capital assigned to each stock. Sum of each chromosome should be equal to 1.\n",
    "5. Generate **Initial Population** (2D Array): A set of randomly generated chromosomes.\n",
    "6. **Fitness function** (Define a Function): \n",
    "\n",
    "The **Sharpe ratio**, S, is a measure for quantifying the performance (Fitness) of the portfolio which works on \"Maximisation of return (mean) and minimisation of risk (Variance) simultaneously\" and is computed as\n",
    "follows:\n",
    "                \n",
    "                S = (µ − r)/σ\n",
    "    \n",
    "    Here µ is the return of the portfolio over a specified period or Mean portfolio return, \n",
    "         r is the risk-free rate over the same period and \n",
    "         σ is the standard deviation of the returns over the specified period or Standard deviation of portfolio return.\n",
    "\n",
    "      \n",
    "    Mean portfolio return = Mean Return * Fractions of Total Capital (Chromosome).\n",
    "    Risk-free rate = 0.0697 ( as per google)\n",
    "    Standard deviation of portfolio return = (chromosome * Standard deviation)**2 + Covariance * Respective weights in chromosome.\n",
    "    \n",
    "7. Select **Elite Population** (Define a Function): It filters the elite chromosomes which have highest returns, which was calculated in fitness function.\n",
    "    \n",
    "8. **Mutation**: A function that will perform mutation in a chromosome. Randomly we shall choose 2 numbers between 0, 5 and those elements we shall swap.\n",
    "\n",
    "9. Crossover: **Heuristic crossover** or **Blend Crossover** uses the ﬁtness values of two parent chromosomes to ascertain the direction of the search. It moves from worst parent to best parent. \n",
    "The oﬀspring are created according to the equation:\n",
    "            Off_spring A = Best Parent  + β ∗ ( Best Parent − Worst Parent)\n",
    "            Off_spring B = Worst Parent - β ∗ ( Best Parent − Worst Parent)\n",
    "                Where β is a random number between 0 and 1.\n",
    "This crossover type is good for real-valued genomes.\n",
    "\n",
    "10. **Next Generation** (define a Function): A function which does mutation,mating or crossover based on a probability and builds a new generation of chromosomes.\n",
    "    \n",
    "11. **Iterate the process**: Iterate the whole process till their is no change in maximum returns or for fixed number of iterations. "
   ]
  },
  {
   "cell_type": "markdown",
   "metadata": {},
   "source": [
    "#### Pre-requisite tasks:"
   ]
  },
  {
   "cell_type": "code",
   "execution_count": 1,
   "metadata": {},
   "outputs": [],
   "source": [
    "import numpy as np\n",
    "import pandas as pd\n",
    "from functools import reduce"
   ]
  },
  {
   "cell_type": "markdown",
   "metadata": {},
   "source": [
    "1.\n",
    "#### Read the data and combine them into one dataframe."
   ]
  },
  {
   "cell_type": "code",
   "execution_count": 2,
   "metadata": {},
   "outputs": [
    {
     "name": "stdout",
     "output_type": "stream",
     "text": [
      "(37, 7)\n"
     ]
    },
    {
     "data": {
      "text/html": [
       "<div>\n",
       "<style scoped>\n",
       "    .dataframe tbody tr th:only-of-type {\n",
       "        vertical-align: middle;\n",
       "    }\n",
       "\n",
       "    .dataframe tbody tr th {\n",
       "        vertical-align: top;\n",
       "    }\n",
       "\n",
       "    .dataframe thead th {\n",
       "        text-align: right;\n",
       "    }\n",
       "</style>\n",
       "<table border=\"1\" class=\"dataframe\">\n",
       "  <thead>\n",
       "    <tr style=\"text-align: right;\">\n",
       "      <th></th>\n",
       "      <th>Date</th>\n",
       "      <th>hdfc</th>\n",
       "      <th>itc</th>\n",
       "      <th>l&amp;t</th>\n",
       "      <th>m&amp;m</th>\n",
       "      <th>sunpha</th>\n",
       "      <th>tcs</th>\n",
       "    </tr>\n",
       "  </thead>\n",
       "  <tbody>\n",
       "    <tr>\n",
       "      <th>0</th>\n",
       "      <td>June 2018</td>\n",
       "      <td>2108.05</td>\n",
       "      <td>266.05</td>\n",
       "      <td>1271.3</td>\n",
       "      <td>896.80</td>\n",
       "      <td>560.55</td>\n",
       "      <td>1847.20</td>\n",
       "    </tr>\n",
       "    <tr>\n",
       "      <th>1</th>\n",
       "      <td>May 2018</td>\n",
       "      <td>2136.15</td>\n",
       "      <td>271.60</td>\n",
       "      <td>1367.6</td>\n",
       "      <td>923.50</td>\n",
       "      <td>480.15</td>\n",
       "      <td>1744.80</td>\n",
       "    </tr>\n",
       "    <tr>\n",
       "      <th>2</th>\n",
       "      <td>Apr 2018</td>\n",
       "      <td>1944.60</td>\n",
       "      <td>281.45</td>\n",
       "      <td>1400.6</td>\n",
       "      <td>872.65</td>\n",
       "      <td>528.15</td>\n",
       "      <td>1765.70</td>\n",
       "    </tr>\n",
       "    <tr>\n",
       "      <th>3</th>\n",
       "      <td>Mar 2018</td>\n",
       "      <td>1891.45</td>\n",
       "      <td>255.90</td>\n",
       "      <td>1311.9</td>\n",
       "      <td>740.20</td>\n",
       "      <td>495.40</td>\n",
       "      <td>1424.65</td>\n",
       "    </tr>\n",
       "    <tr>\n",
       "      <th>4</th>\n",
       "      <td>Feb 2018</td>\n",
       "      <td>1883.80</td>\n",
       "      <td>265.10</td>\n",
       "      <td>1319.1</td>\n",
       "      <td>728.75</td>\n",
       "      <td>535.35</td>\n",
       "      <td>1519.13</td>\n",
       "    </tr>\n",
       "  </tbody>\n",
       "</table>\n",
       "</div>"
      ],
      "text/plain": [
       "        Date     hdfc     itc     l&t     m&m  sunpha      tcs\n",
       "0  June 2018  2108.05  266.05  1271.3  896.80  560.55  1847.20\n",
       "1   May 2018  2136.15  271.60  1367.6  923.50  480.15  1744.80\n",
       "2   Apr 2018  1944.60  281.45  1400.6  872.65  528.15  1765.70\n",
       "3   Mar 2018  1891.45  255.90  1311.9  740.20  495.40  1424.65\n",
       "4   Feb 2018  1883.80  265.10  1319.1  728.75  535.35  1519.13"
      ]
     },
     "execution_count": 2,
     "metadata": {},
     "output_type": "execute_result"
    }
   ],
   "source": [
    "files=['hdfc.csv','itc.csv','l&t.csv','m&m.csv','sunpha.csv','tcs.csv']\n",
    "dfs=[]\n",
    "\n",
    "for file in files:\n",
    "    temp=pd.read_csv(file)\n",
    "    temp.columns=['Date',file.replace('.csv','')]\n",
    "    dfs.append(temp)\n",
    "\n",
    "stocks = reduce(lambda left,right: pd.merge(left,right,on='Date'), dfs)\n",
    "print(stocks.shape)\n",
    "stocks.head()"
   ]
  },
  {
   "cell_type": "markdown",
   "metadata": {},
   "source": [
    "2.\n",
    "#### Calculate the historical returns for 3 months, 6 months, 12 months, 24 months and 36 months for each of the stock.\n",
    "\n",
    "**Stock Return**:\n",
    "The formula for the total stock return is the appreciation in the price plus any dividends paid, divided by the original price of the stock.\n"
   ]
  },
  {
   "cell_type": "code",
   "execution_count": 3,
   "metadata": {},
   "outputs": [],
   "source": [
    "def hist_return(months):\n",
    "    ''' It calculates Stock returns for various months and returns a dataframe.\n",
    "        Input: Months in the form of a list.\n",
    "        Output: Historical returns in the form of a DataFrame. '''\n",
    "    idx=[]\n",
    "    df=pd.DataFrame()\n",
    "    for mon in months:\n",
    "        temp=(stocks.iloc[0,1:] - stocks.iloc[mon,1:])/(stocks.iloc[mon,1:])\n",
    "        idx.append(str(mon)+'_mon_return')\n",
    "        df=pd.concat([df, temp.to_frame().T], ignore_index=True)\n",
    "    df.index=idx\n",
    "    return df    "
   ]
  },
  {
   "cell_type": "code",
   "execution_count": 4,
   "metadata": {},
   "outputs": [
    {
     "data": {
      "text/html": [
       "<div>\n",
       "<style scoped>\n",
       "    .dataframe tbody tr th:only-of-type {\n",
       "        vertical-align: middle;\n",
       "    }\n",
       "\n",
       "    .dataframe tbody tr th {\n",
       "        vertical-align: top;\n",
       "    }\n",
       "\n",
       "    .dataframe thead th {\n",
       "        text-align: right;\n",
       "    }\n",
       "</style>\n",
       "<table border=\"1\" class=\"dataframe\">\n",
       "  <thead>\n",
       "    <tr style=\"text-align: right;\">\n",
       "      <th></th>\n",
       "      <th>hdfc</th>\n",
       "      <th>itc</th>\n",
       "      <th>l&amp;t</th>\n",
       "      <th>m&amp;m</th>\n",
       "      <th>sunpha</th>\n",
       "      <th>tcs</th>\n",
       "    </tr>\n",
       "  </thead>\n",
       "  <tbody>\n",
       "    <tr>\n",
       "      <th>3_mon_return</th>\n",
       "      <td>0.114515</td>\n",
       "      <td>0.039664</td>\n",
       "      <td>-0.030947</td>\n",
       "      <td>0.211564</td>\n",
       "      <td>0.13151</td>\n",
       "      <td>0.296599</td>\n",
       "    </tr>\n",
       "    <tr>\n",
       "      <th>6_mon_return</th>\n",
       "      <td>0.125163</td>\n",
       "      <td>0.011212</td>\n",
       "      <td>0.011417</td>\n",
       "      <td>0.194062</td>\n",
       "      <td>-0.017957</td>\n",
       "      <td>0.368094</td>\n",
       "    </tr>\n",
       "    <tr>\n",
       "      <th>12_mon_return</th>\n",
       "      <td>0.275866</td>\n",
       "      <td>-0.178478</td>\n",
       "      <td>0.129783</td>\n",
       "      <td>0.330899</td>\n",
       "      <td>0.010911</td>\n",
       "      <td>0.562537</td>\n",
       "    </tr>\n",
       "    <tr>\n",
       "      <th>24_mon_return</th>\n",
       "      <td>0.792712</td>\n",
       "      <td>0.084237</td>\n",
       "      <td>0.274461</td>\n",
       "      <td>0.255179</td>\n",
       "      <td>-0.265911</td>\n",
       "      <td>0.44833</td>\n",
       "    </tr>\n",
       "    <tr>\n",
       "      <th>36_mon_return</th>\n",
       "      <td>0.974847</td>\n",
       "      <td>0.266844</td>\n",
       "      <td>0.069614</td>\n",
       "      <td>0.399938</td>\n",
       "      <td>-0.358785</td>\n",
       "      <td>0.447535</td>\n",
       "    </tr>\n",
       "  </tbody>\n",
       "</table>\n",
       "</div>"
      ],
      "text/plain": [
       "                   hdfc       itc       l&t       m&m    sunpha       tcs\n",
       "3_mon_return   0.114515  0.039664 -0.030947  0.211564   0.13151  0.296599\n",
       "6_mon_return   0.125163  0.011212  0.011417  0.194062 -0.017957  0.368094\n",
       "12_mon_return  0.275866 -0.178478  0.129783  0.330899  0.010911  0.562537\n",
       "24_mon_return  0.792712  0.084237  0.274461  0.255179 -0.265911   0.44833\n",
       "36_mon_return  0.974847  0.266844  0.069614  0.399938 -0.358785  0.447535"
      ]
     },
     "execution_count": 4,
     "metadata": {},
     "output_type": "execute_result"
    }
   ],
   "source": [
    "hist_stock_returns=hist_return([3,6,12,24,36])\n",
    "hist_stock_returns"
   ]
  },
  {
   "cell_type": "markdown",
   "metadata": {},
   "source": [
    "3.\n",
    "Define **Gene** (Scalar): A fraction of the total capital assigned to a stock. Lets address them as weights.\n",
    "\n",
    "    Gene can be a fractional value between 0 to 1, such as 0.32 of HDFC or 0.21 of ITC or 0.56 of TCS."
   ]
  },
  {
   "cell_type": "code",
   "execution_count": 5,
   "metadata": {},
   "outputs": [
    {
     "data": {
      "text/plain": [
       "0.752648628613602"
      ]
     },
     "execution_count": 5,
     "metadata": {},
     "output_type": "execute_result"
    }
   ],
   "source": [
    "gene = np.random.rand()\n",
    "gene"
   ]
  },
  {
   "cell_type": "code",
   "execution_count": 6,
   "metadata": {},
   "outputs": [],
   "source": [
    "import time\n",
    "def gen_mc_grid(rows, cols, n, N):  # , xfname): generate monte carlo wind farm layout grids\n",
    "        np.random.seed(seed=int(time.time()))  # init random seed\n",
    "        layouts = np.zeros((n, rows * cols), dtype=np.int32)  # one row is a layout\n",
    "        # layouts_cr = np.zeros((n*, 2), dtype=np.float32)  # layouts column row index\n",
    "        positionX = np.random.randint(0, cols, size=(N * n * 2))\n",
    "        positionY = np.random.randint(0, rows, size=(N * n * 2))\n",
    "        ind_rows = 0  # index of layouts from 0 to n-1\n",
    "        ind_pos = 0  # index of positionX, positionY from 0 to N*n*2-1\n",
    "        # ind_crs = 0\n",
    "        while ind_rows < n:\n",
    "            layouts[ind_rows, positionX[ind_pos] + positionY[ind_pos] * cols] = 1\n",
    "            if np.sum(layouts[ind_rows, :]) == N:\n",
    "                # for ind in range(rows * cols):\n",
    "                #     if layouts[ind_rows, ind] == 1:\n",
    "                #         r_i = np.floor(ind / cols)\n",
    "                #         c_i = np.floor(ind - r_i * cols)\n",
    "                #         layouts_cr[ind_crs, 0] = c_i\n",
    "                #         layouts_cr[ind_crs, 1] = r_i\n",
    "                #         ind_crs += 1\n",
    "                ind_rows += 1\n",
    "            ind_pos += 1\n",
    "            if ind_pos >= N * n * 2:\n",
    "                print(\"Not enough positions\")\n",
    "                break\n",
    "        # filename = \"positions{}by{}by{}N{}.dat\".format(rows, cols, n, N)\n",
    "#         np.savetxt(lofname, layouts, fmt='%d', delimiter=\"  \")\n",
    "        # np.savetxt(xfname, layouts_cr, fmt='%d', delimiter=\"  \")\n",
    "        return layouts\n",
    "\n",
    "def gen_mc_grid_with_NA_loc(rows, cols, n, N,NA_loc):  # , xfname): generate monte carlo wind farm layout grids\n",
    "        np.random.seed(seed=int(time.time()))  # init random seed\n",
    "        layouts = np.zeros((n, rows * cols), dtype=np.int32)  # one row is a layout, NA loc is 0\n",
    "\n",
    "        layouts_NA= np.zeros((n, rows * cols), dtype=np.int32)  # one row is a layout, NA loc is 2\n",
    "        for i in NA_loc:\n",
    "            layouts_NA[:,i-1]=2\n",
    "\n",
    "        # layouts_cr = np.zeros((n*, 2), dtype=np.float32)  # layouts column row index\n",
    "        positionX = np.random.randint(0, cols, size=(N * n * 2))\n",
    "        positionY = np.random.randint(0, rows, size=(N * n * 2))\n",
    "        ind_rows = 0  # index of layouts from 0 to n-1\n",
    "        ind_pos = 0  # index of positionX, positionY from 0 to N*n*2-1\n",
    "        # ind_crs = 0\n",
    "        N_count=0\n",
    "        while ind_rows < n:\n",
    "            cur_state=layouts_NA[ind_rows, positionX[ind_pos] + positionY[ind_pos] * cols]\n",
    "            if cur_state!=1 and cur_state!=2:\n",
    "                layouts[ind_rows, positionX[ind_pos] + positionY[ind_pos] * cols]=1\n",
    "                layouts_NA[ind_rows, positionX[ind_pos] + positionY[ind_pos] * cols] = 1\n",
    "                N_count+=1\n",
    "                if np.sum(layouts[ind_rows, :]) == N:\n",
    "                    ind_rows += 1\n",
    "                    N_count=0\n",
    "            ind_pos += 1\n",
    "            if ind_pos >= N * n * 2:\n",
    "                print(\"Not enough positions\")\n",
    "                break\n",
    "        # filename = \"positions{}by{}by{}N{}.dat\".format(rows, cols, n, N)\n",
    "#         np.savetxt(lofname, layouts, fmt='%d', delimiter=\"  \")\n",
    "#         np.savetxt(loNAfname, layouts_NA, fmt='%d', delimiter=\"  \")\n",
    "        # np.savetxt(xfname, layouts_cr, fmt='%d', delimiter=\"  \")\n",
    "        return layouts,layouts_NA"
   ]
  },
  {
   "cell_type": "code",
   "execution_count": 7,
   "metadata": {},
   "outputs": [
    {
     "name": "stdout",
     "output_type": "stream",
     "text": [
      "Not enough positions\n",
      "Not enough positions\n"
     ]
    },
    {
     "data": {
      "text/plain": [
       "(array([[0, 0, 0, ..., 1, 1, 0],\n",
       "        [0, 0, 0, ..., 0, 0, 0],\n",
       "        [0, 0, 0, ..., 0, 0, 0],\n",
       "        ...,\n",
       "        [0, 0, 0, ..., 0, 0, 0],\n",
       "        [0, 0, 0, ..., 0, 0, 0],\n",
       "        [0, 0, 0, ..., 0, 0, 0]]),\n",
       " array([[2, 2, 2, ..., 1, 1, 2],\n",
       "        [2, 2, 2, ..., 0, 0, 2],\n",
       "        [2, 2, 2, ..., 0, 0, 2],\n",
       "        ...,\n",
       "        [2, 2, 2, ..., 0, 0, 2],\n",
       "        [2, 2, 2, ..., 0, 0, 2],\n",
       "        [2, 2, 2, ..., 0, 0, 2]]))"
      ]
     },
     "execution_count": 7,
     "metadata": {},
     "output_type": "execute_result"
    }
   ],
   "source": [
    "gen_mc_grid(5, 5, 100, 50)\n",
    "gen_mc_grid_with_NA_loc(5, 5, 100, 50,range(10))"
   ]
  },
  {
   "cell_type": "markdown",
   "metadata": {},
   "source": [
    "4.\n",
    "Define **Chromosome** (1D Array): Set of genes i.e. fractions of total capital assigned to each stock. Set of weights.\n",
    "\n",
    "Its a 1d Array of the fractional values of all the stocks such that sum of the array will not be over 1. \n",
    "As we have 6 company stocks, we shall generate 6 fractional values (genes) which constitues 1 chromosome.\n",
    "    \n",
    "**Why sum should be equal to 1?** As these are fraction of the total capital, we are assuming total capital to be 1 unit.\n",
    "    \n",
    "**How to make sure sum =1?** Just generate 6 random numbers and then calculate a factor which is 1 / [sum of random numbers]. Finally multiply each of the random numbers with that factor. The sum will be 1."
   ]
  },
  {
   "cell_type": "code",
   "execution_count": 8,
   "metadata": {},
   "outputs": [],
   "source": [
    "def chromosome(n):\n",
    "    ''' Generates set of random numbers whose sum is equal to 1\n",
    "        Input: Number of stocks.\n",
    "        Output: Array of random numbers'''\n",
    "    ch = np.random.rand(n)\n",
    "    return ch/sum(ch)"
   ]
  },
  {
   "cell_type": "code",
   "execution_count": 9,
   "metadata": {},
   "outputs": [
    {
     "name": "stdout",
     "output_type": "stream",
     "text": [
      "[0.27169764 0.08931079 0.22830943 0.12181337 0.06624758 0.22262119] 1.0\n"
     ]
    }
   ],
   "source": [
    "child=chromosome(6)\n",
    "print(child,sum(child))"
   ]
  },
  {
   "cell_type": "markdown",
   "metadata": {},
   "source": [
    "5.\n",
    "Generate **Initial Population** (2D Array): A set of randomly generated chromosomes"
   ]
  },
  {
   "cell_type": "code",
   "execution_count": 10,
   "metadata": {},
   "outputs": [
    {
     "name": "stdout",
     "output_type": "stream",
     "text": [
      "(100, 6)\n",
      "[[8.03938323e-02 8.08089514e-02 1.76670004e-01 2.28088105e-01\n",
      "  2.16426185e-01 2.17612922e-01]\n",
      " [2.56212908e-01 5.47140581e-02 2.08186952e-01 1.37773711e-01\n",
      "  6.04249267e-02 2.82687445e-01]\n",
      " [1.88366306e-01 5.34607029e-02 1.35293992e-01 2.25366974e-01\n",
      "  2.17252833e-01 1.80259192e-01]\n",
      " [2.60955192e-01 2.38861994e-01 5.14484239e-02 1.90381052e-01\n",
      "  1.09711083e-01 1.48642254e-01]\n",
      " [2.11712769e-01 8.31695151e-02 1.66725301e-01 4.48516173e-02\n",
      "  2.21372021e-01 2.72168776e-01]\n",
      " [4.06504941e-01 6.82338843e-03 7.71878945e-02 4.14852865e-02\n",
      "  3.78145202e-01 8.98532874e-02]\n",
      " [9.16181377e-02 2.87859731e-01 1.19184084e-01 1.59279152e-01\n",
      "  2.60774901e-01 8.12839953e-02]\n",
      " [3.87703814e-01 1.96208664e-01 1.31186276e-01 1.21441747e-01\n",
      "  2.82915892e-02 1.35167910e-01]\n",
      " [3.68047143e-02 3.59589355e-01 3.82187845e-01 4.66582604e-02\n",
      "  1.60912608e-01 1.38472180e-02]\n",
      " [9.66609238e-02 9.23617379e-02 2.84278931e-01 1.82109795e-01\n",
      "  8.41650042e-02 2.60423608e-01]\n",
      " [1.51896658e-01 2.09513427e-01 1.73476734e-01 1.15664388e-01\n",
      "  2.22676921e-01 1.26771872e-01]\n",
      " [7.53994347e-02 1.45674431e-01 2.10008927e-01 2.94113813e-01\n",
      "  2.20747977e-01 5.40554176e-02]\n",
      " [1.89246245e-01 1.15415398e-01 1.16351293e-01 2.66319707e-01\n",
      "  2.05317096e-01 1.07350260e-01]\n",
      " [8.09471752e-02 2.27602604e-01 2.05192191e-01 1.14286821e-01\n",
      "  2.58420598e-01 1.13550611e-01]\n",
      " [1.34702735e-01 2.28255756e-02 3.17502875e-01 1.33373810e-01\n",
      "  3.16461671e-01 7.51333330e-02]\n",
      " [7.26986137e-02 3.10414463e-01 1.14894339e-01 1.57443891e-01\n",
      "  9.99538083e-02 2.44594885e-01]\n",
      " [1.15230168e-01 1.55830925e-01 1.94219857e-01 5.30860768e-02\n",
      "  2.10286743e-01 2.71346231e-01]\n",
      " [1.90671337e-01 1.68410802e-01 1.85423417e-01 1.90439109e-01\n",
      "  7.21280864e-02 1.92927248e-01]\n",
      " [1.55086708e-02 1.47277250e-02 9.15011186e-02 4.98607862e-01\n",
      "  1.47842154e-01 2.31812470e-01]\n",
      " [2.35161422e-01 2.80294824e-01 1.86466057e-01 7.32232916e-02\n",
      "  1.10267151e-01 1.14587254e-01]\n",
      " [6.70877097e-02 3.31797367e-02 2.61645827e-01 2.88168424e-01\n",
      "  2.68234798e-01 8.16835039e-02]\n",
      " [5.11975046e-02 3.24979274e-01 3.35137507e-01 1.61025213e-01\n",
      "  4.25435639e-02 8.51169378e-02]\n",
      " [1.71177963e-01 1.97532938e-01 1.64912334e-01 2.69808729e-01\n",
      "  1.09276031e-01 8.72920046e-02]\n",
      " [8.34963512e-02 3.81714083e-01 2.19565029e-01 8.38503797e-02\n",
      "  2.26510752e-01 4.86340518e-03]\n",
      " [2.20033093e-01 2.65356912e-01 2.70778298e-01 1.21077841e-02\n",
      "  2.28537313e-01 3.18659957e-03]\n",
      " [3.62059647e-02 3.51626403e-01 6.08427888e-02 2.25624946e-02\n",
      "  1.55678388e-01 3.73083961e-01]\n",
      " [7.44933846e-02 4.04789381e-04 1.57679075e-01 3.02712077e-01\n",
      "  3.18498865e-01 1.46211810e-01]\n",
      " [6.86655916e-02 4.32206005e-01 1.96627880e-01 1.01541005e-01\n",
      "  1.86682320e-01 1.42771987e-02]\n",
      " [1.75209844e-01 3.17261496e-01 6.61104530e-02 3.50623499e-02\n",
      "  1.65552725e-01 2.40803132e-01]\n",
      " [2.68079685e-01 5.24752792e-02 7.44185353e-02 2.91072895e-01\n",
      "  3.33572377e-03 3.10617882e-01]\n",
      " [2.66909885e-01 2.71498581e-01 3.46215132e-01 1.91754839e-02\n",
      "  7.68629023e-02 1.93380156e-02]\n",
      " [1.03067415e-01 2.59053192e-01 2.79819350e-01 3.55435297e-02\n",
      "  1.84290206e-01 1.38226308e-01]\n",
      " [2.05628233e-01 1.63477725e-01 3.86287180e-01 7.33495329e-02\n",
      "  1.17848091e-02 1.59472520e-01]\n",
      " [3.69181117e-02 9.23685202e-02 2.26403309e-01 2.27678872e-01\n",
      "  2.04246012e-01 2.12385175e-01]\n",
      " [9.53698676e-03 2.93534589e-01 2.26922535e-01 2.10657597e-02\n",
      "  1.83781296e-01 2.65158833e-01]\n",
      " [1.65274458e-01 2.00268192e-01 1.97506235e-01 1.53989725e-01\n",
      "  2.03526962e-01 7.94344276e-02]\n",
      " [4.32020304e-01 1.23307101e-01 6.15002254e-02 5.68149413e-02\n",
      "  1.81900823e-01 1.44456605e-01]\n",
      " [2.90517806e-01 3.01705278e-01 4.53234649e-02 2.46689032e-01\n",
      "  7.74968132e-02 3.82676061e-02]\n",
      " [5.46910785e-02 2.72953877e-01 6.61322602e-02 2.63896953e-01\n",
      "  2.36267219e-01 1.06058612e-01]\n",
      " [2.43060478e-01 1.04800262e-01 8.07625474e-02 3.19272868e-01\n",
      "  7.14037371e-02 1.80700107e-01]\n",
      " [1.29800887e-01 1.00353566e-01 1.46583680e-01 2.54081501e-01\n",
      "  2.44472729e-02 3.44733092e-01]\n",
      " [7.95043632e-02 2.35824610e-01 2.00716316e-01 5.18807584e-02\n",
      "  1.98366456e-01 2.33707497e-01]\n",
      " [4.27095206e-02 1.29645178e-01 2.10632786e-01 1.31793700e-01\n",
      "  2.31157529e-01 2.54061286e-01]\n",
      " [1.46388251e-01 1.84363332e-01 2.14915141e-01 7.50082428e-02\n",
      "  1.72258125e-01 2.07066908e-01]\n",
      " [3.82334548e-02 1.45128909e-01 1.28587130e-01 1.44592430e-01\n",
      "  2.58712065e-01 2.84746011e-01]\n",
      " [5.69420842e-02 3.06465553e-01 1.60970633e-01 3.95520367e-02\n",
      "  1.55698908e-01 2.80370785e-01]\n",
      " [2.30604434e-01 1.39481617e-02 2.94099033e-01 1.64695575e-01\n",
      "  9.17931262e-02 2.04859670e-01]\n",
      " [1.98405892e-01 2.05018014e-01 1.97024605e-01 1.36345038e-01\n",
      "  2.28313539e-01 3.48929128e-02]\n",
      " [4.57203247e-01 1.67290702e-01 1.42939562e-01 5.77395973e-03\n",
      "  1.16905198e-01 1.09887332e-01]\n",
      " [6.97825176e-02 3.73207828e-02 3.48120579e-01 9.54591298e-02\n",
      "  2.79805810e-01 1.69511180e-01]\n",
      " [1.20065530e-01 4.37072038e-01 2.98450118e-01 8.50964215e-02\n",
      "  4.69383238e-02 1.23775691e-02]\n",
      " [2.98176659e-02 2.27672076e-01 2.37326725e-01 7.59186397e-02\n",
      "  1.39033451e-01 2.90231442e-01]\n",
      " [1.95703112e-01 3.11291788e-01 9.10621612e-02 6.16433190e-02\n",
      "  3.04751958e-01 3.55476616e-02]\n",
      " [8.03599121e-04 1.72456993e-01 2.58475725e-01 1.78881534e-01\n",
      "  1.72852647e-01 2.16529501e-01]\n",
      " [1.77888143e-01 7.79209820e-02 2.96676528e-01 1.10711755e-01\n",
      "  2.04020095e-01 1.32782497e-01]\n",
      " [2.53664304e-01 8.71827344e-02 3.26012835e-01 1.98604458e-01\n",
      "  5.32779161e-02 8.12577518e-02]\n",
      " [1.37706653e-02 7.25933918e-02 3.89059120e-01 1.14026032e-01\n",
      "  8.57359825e-02 3.24814808e-01]\n",
      " [1.48600452e-01 1.19171645e-01 2.54103539e-01 3.65414060e-02\n",
      "  2.15532005e-01 2.26050954e-01]\n",
      " [2.76986511e-01 1.11532417e-01 2.19267525e-01 5.56566182e-02\n",
      "  2.40011041e-03 3.34156819e-01]\n",
      " [2.75470382e-01 1.41364781e-01 2.18089017e-01 5.00206458e-02\n",
      "  2.45275127e-02 2.90527662e-01]\n",
      " [3.10871579e-01 2.74619868e-01 1.26044704e-01 1.68966958e-02\n",
      "  5.77826783e-02 2.13784475e-01]\n",
      " [2.30757244e-02 2.97446815e-01 1.80959244e-02 2.72434509e-01\n",
      "  2.94761051e-01 9.41859761e-02]\n",
      " [2.23525260e-01 1.63332486e-01 2.12242272e-01 8.97581472e-02\n",
      "  1.72762824e-01 1.38379011e-01]\n",
      " [8.78288260e-02 3.29518471e-01 1.06098054e-01 2.75156434e-01\n",
      "  1.77057052e-01 2.43411627e-02]\n",
      " [1.89095366e-01 7.78081223e-02 1.47643517e-01 2.08691963e-01\n",
      "  2.35357020e-01 1.41404012e-01]\n",
      " [9.66496140e-02 2.58924277e-01 1.69472383e-01 2.34908686e-01\n",
      "  1.25364351e-01 1.14680689e-01]\n",
      " [1.39888877e-01 1.83002359e-01 1.53586932e-01 1.71477619e-01\n",
      "  5.71840935e-02 2.94860120e-01]\n",
      " [1.21743312e-01 7.40952280e-02 1.77550677e-01 2.24752233e-01\n",
      "  1.47468374e-01 2.54390175e-01]\n",
      " [4.37412782e-02 1.27301324e-01 3.31658506e-01 3.37075134e-01\n",
      "  9.60871932e-02 6.41365651e-02]\n",
      " [2.23657032e-01 1.97799890e-01 1.46866350e-02 2.07573520e-01\n",
      "  2.16592549e-01 1.39690373e-01]\n",
      " [2.79784649e-01 2.12043084e-01 8.73771593e-02 1.25274802e-01\n",
      "  1.13488278e-01 1.82032028e-01]\n",
      " [2.43152441e-01 3.66234236e-02 7.78447040e-02 1.82050304e-01\n",
      "  1.34278423e-01 3.26050705e-01]\n",
      " [2.01749207e-01 1.04994206e-01 2.68439734e-01 8.74179374e-03\n",
      "  1.42772017e-01 2.73303041e-01]\n",
      " [1.95497614e-01 3.47020568e-01 4.49788007e-02 2.69299517e-01\n",
      "  1.08995906e-02 1.32303910e-01]\n",
      " [6.00051414e-02 2.34053012e-01 6.73301991e-02 3.23201733e-01\n",
      "  2.91884986e-01 2.35249283e-02]\n",
      " [1.66843704e-01 1.84332354e-01 3.36907363e-02 1.51439073e-01\n",
      "  1.48661820e-01 3.15032313e-01]\n",
      " [2.60091500e-01 3.72428628e-01 4.62085211e-02 3.94707967e-02\n",
      "  1.49840575e-01 1.31959980e-01]\n",
      " [3.11017600e-02 1.66608449e-01 2.06162836e-01 2.15803928e-01\n",
      "  2.51794108e-01 1.28528918e-01]\n",
      " [4.53849770e-02 3.04055842e-01 9.39179543e-02 3.26109802e-01\n",
      "  2.18923775e-01 1.16076492e-02]\n",
      " [2.83660674e-01 2.00769733e-01 1.23883550e-01 1.21754460e-01\n",
      "  1.18426516e-02 2.58088931e-01]\n",
      " [7.28041004e-02 2.27479269e-01 1.72049492e-01 1.30162641e-01\n",
      "  1.39761012e-01 2.57743485e-01]\n",
      " [3.06136570e-01 2.35607436e-02 3.03822370e-01 9.80196618e-02\n",
      "  1.94321540e-01 7.41391135e-02]\n",
      " [9.13476378e-02 2.49663545e-01 1.04879313e-01 1.46206308e-01\n",
      "  1.38914214e-01 2.68988982e-01]\n",
      " [1.97335392e-01 2.29057274e-01 1.36792093e-01 3.55440090e-02\n",
      "  2.46008896e-01 1.55262336e-01]\n",
      " [4.80120978e-02 1.61150084e-01 2.39875150e-01 3.31354010e-01\n",
      "  1.78501122e-01 4.11075362e-02]\n",
      " [1.73489215e-01 1.64991954e-01 1.19895035e-01 9.91076700e-02\n",
      "  2.75656568e-02 4.14950469e-01]\n",
      " [2.68252233e-01 2.45357568e-01 1.09162892e-01 1.15385303e-02\n",
      "  1.47035522e-01 2.18653254e-01]\n",
      " [2.63418931e-01 7.51185654e-02 1.97540738e-01 1.08490349e-01\n",
      "  2.79051662e-01 7.63797543e-02]\n",
      " [2.08552845e-01 9.04919506e-02 1.37089613e-01 2.25840579e-01\n",
      "  1.57604010e-01 1.80421001e-01]\n",
      " [2.79276913e-01 1.38160487e-01 2.52604717e-02 1.40682197e-03\n",
      "  4.54815378e-01 1.01079928e-01]\n",
      " [1.92593207e-01 2.76825117e-03 1.72058772e-01 1.85654141e-01\n",
      "  1.85013961e-01 2.61911669e-01]\n",
      " [1.31899638e-01 6.92357906e-02 3.32578029e-01 2.54079673e-01\n",
      "  1.29598321e-01 8.26085478e-02]\n",
      " [2.36203883e-01 2.73218717e-01 1.45147576e-01 6.39391432e-03\n",
      "  2.47173887e-01 9.18620224e-02]\n",
      " [2.56600170e-01 7.50909636e-02 1.91337763e-01 9.41846602e-02\n",
      "  2.44622116e-01 1.38164326e-01]\n",
      " [6.28377783e-02 1.19426270e-02 2.83374754e-01 6.37683583e-02\n",
      "  3.87953448e-01 1.90123034e-01]\n",
      " [1.51957009e-01 2.12839051e-02 2.77937135e-01 3.37329151e-01\n",
      "  1.68419386e-01 4.30734132e-02]\n",
      " [1.56591543e-01 8.92923002e-02 1.95608881e-01 1.40945652e-01\n",
      "  2.18867319e-01 1.98694303e-01]\n",
      " [2.57916708e-01 2.16129573e-02 1.30523138e-01 1.41719762e-01\n",
      "  2.79694553e-01 1.68532882e-01]\n",
      " [4.17165799e-01 6.20818616e-02 2.94644930e-02 7.56158237e-02\n",
      "  2.58255499e-01 1.57416524e-01]\n",
      " [1.26430564e-02 7.05826375e-02 3.24063459e-01 2.15211799e-01\n",
      "  2.45236509e-01 1.32262539e-01]]\n"
     ]
    }
   ],
   "source": [
    "n=6 # Number of stocks = 6\n",
    "pop_size=100 # initial population = 100\n",
    "\n",
    "population = np.array([chromosome(n) for _ in range(pop_size)])\n",
    "print(population.shape)\n",
    "print(population)"
   ]
  },
  {
   "cell_type": "markdown",
   "metadata": {},
   "source": [
    "6.\n",
    "**Fitness function** (Define a Function): \n",
    "The Sharpe ratio, S, is a measure for quantifying the performance (Fitness) of the portfolio and is computed as\n",
    "follows:\n",
    "                \n",
    "                S = (µ − r)/σ\n",
    "    \n",
    "    Here µ is the return of the portfolio over a specified period or Mean portfolio return, \n",
    "         r is the risk-free rate over the same period and \n",
    "         σ is the standard deviation of the returns over the specified period or Standard deviation of portfolio return.\n",
    "\n",
    "      \n",
    "Mean portfolio return = Mean Return * Fractions of Total Capital (Chromosome).\n",
    "\n",
    "Risk-free rate = 0.0697 ( as per google)\n",
    "\n",
    "Standard deviation of portfolio return = (chromosome * Standard deviation)**2 + Covariance * Respective weights in chromosome."
   ]
  },
  {
   "cell_type": "markdown",
   "metadata": {},
   "source": [
    " #### Fitness function Task 1:\n",
    " Calculate Mean, Standard deviation and covariance of the Historical stock returns."
   ]
  },
  {
   "cell_type": "code",
   "execution_count": 11,
   "metadata": {},
   "outputs": [
    {
     "name": "stdout",
     "output_type": "stream",
     "text": [
      "<class 'pandas.core.frame.DataFrame'>\n",
      "Index: 5 entries, 3_mon_return to 36_mon_return\n",
      "Data columns (total 6 columns):\n",
      " #   Column  Non-Null Count  Dtype \n",
      "---  ------  --------------  ----- \n",
      " 0   hdfc    5 non-null      object\n",
      " 1   itc     5 non-null      object\n",
      " 2   l&t     5 non-null      object\n",
      " 3   m&m     5 non-null      object\n",
      " 4   sunpha  5 non-null      object\n",
      " 5   tcs     5 non-null      object\n",
      "dtypes: object(6)\n",
      "memory usage: 280.0+ bytes\n",
      "None\n",
      "<class 'pandas.core.frame.DataFrame'>\n",
      "Index: 5 entries, 3_mon_return to 36_mon_return\n",
      "Data columns (total 6 columns):\n",
      " #   Column  Non-Null Count  Dtype  \n",
      "---  ------  --------------  -----  \n",
      " 0   hdfc    5 non-null      float64\n",
      " 1   itc     5 non-null      float64\n",
      " 2   l&t     5 non-null      float64\n",
      " 3   m&m     5 non-null      float64\n",
      " 4   sunpha  5 non-null      float64\n",
      " 5   tcs     5 non-null      float64\n",
      "dtypes: float64(6)\n",
      "memory usage: 280.0+ bytes\n",
      "None\n"
     ]
    }
   ],
   "source": [
    "# Convert to numeric columns from Object datatypes.\n",
    "print(hist_stock_returns.info())\n",
    "cols=hist_stock_returns.columns\n",
    "hist_stock_returns[cols] = hist_stock_returns[cols].apply(pd.to_numeric, errors='coerce')\n",
    "print(hist_stock_returns.info())"
   ]
  },
  {
   "cell_type": "markdown",
   "metadata": {},
   "source": [
    "#### Calculate covariance of historical returns"
   ]
  },
  {
   "cell_type": "code",
   "execution_count": 12,
   "metadata": {},
   "outputs": [
    {
     "name": "stdout",
     "output_type": "stream",
     "text": [
      "            hdfc       itc       l&t       m&m    sunpha       tcs\n",
      "hdfc    0.160272  0.045393  0.027916  0.024127 -0.079078  0.014362\n",
      "itc     0.045393  0.025467 -0.000718  0.004381 -0.023178 -0.005554\n",
      "l&t     0.027916 -0.000718  0.014206  0.002510 -0.013841  0.007330\n",
      "m&m     0.024127  0.004381  0.002510  0.007412 -0.011042  0.005700\n",
      "sunpha -0.079078 -0.023178 -0.013841 -0.011042  0.041781 -0.007211\n",
      "tcs     0.014362 -0.005554  0.007330  0.005700 -0.007211  0.009923\n"
     ]
    },
    {
     "data": {
      "text/html": [
       "<div>\n",
       "<style scoped>\n",
       "    .dataframe tbody tr th:only-of-type {\n",
       "        vertical-align: middle;\n",
       "    }\n",
       "\n",
       "    .dataframe tbody tr th {\n",
       "        vertical-align: top;\n",
       "    }\n",
       "\n",
       "    .dataframe thead th {\n",
       "        text-align: right;\n",
       "    }\n",
       "</style>\n",
       "<table border=\"1\" class=\"dataframe\">\n",
       "  <thead>\n",
       "    <tr style=\"text-align: right;\">\n",
       "      <th></th>\n",
       "      <th>hdfc</th>\n",
       "      <th>itc</th>\n",
       "      <th>l&amp;t</th>\n",
       "      <th>m&amp;m</th>\n",
       "      <th>sunpha</th>\n",
       "      <th>tcs</th>\n",
       "    </tr>\n",
       "  </thead>\n",
       "  <tbody>\n",
       "    <tr>\n",
       "      <th>hdfc</th>\n",
       "      <td>0.000000</td>\n",
       "      <td>0.045393</td>\n",
       "      <td>0.027916</td>\n",
       "      <td>0.024127</td>\n",
       "      <td>-0.079078</td>\n",
       "      <td>0.014362</td>\n",
       "    </tr>\n",
       "    <tr>\n",
       "      <th>itc</th>\n",
       "      <td>0.045393</td>\n",
       "      <td>0.000000</td>\n",
       "      <td>-0.000718</td>\n",
       "      <td>0.004381</td>\n",
       "      <td>-0.023178</td>\n",
       "      <td>-0.005554</td>\n",
       "    </tr>\n",
       "    <tr>\n",
       "      <th>l&amp;t</th>\n",
       "      <td>0.027916</td>\n",
       "      <td>-0.000718</td>\n",
       "      <td>0.000000</td>\n",
       "      <td>0.002510</td>\n",
       "      <td>-0.013841</td>\n",
       "      <td>0.007330</td>\n",
       "    </tr>\n",
       "    <tr>\n",
       "      <th>m&amp;m</th>\n",
       "      <td>0.024127</td>\n",
       "      <td>0.004381</td>\n",
       "      <td>0.002510</td>\n",
       "      <td>0.000000</td>\n",
       "      <td>-0.011042</td>\n",
       "      <td>0.005700</td>\n",
       "    </tr>\n",
       "    <tr>\n",
       "      <th>sunpha</th>\n",
       "      <td>-0.079078</td>\n",
       "      <td>-0.023178</td>\n",
       "      <td>-0.013841</td>\n",
       "      <td>-0.011042</td>\n",
       "      <td>0.000000</td>\n",
       "      <td>-0.007211</td>\n",
       "    </tr>\n",
       "    <tr>\n",
       "      <th>tcs</th>\n",
       "      <td>0.014362</td>\n",
       "      <td>-0.005554</td>\n",
       "      <td>0.007330</td>\n",
       "      <td>0.005700</td>\n",
       "      <td>-0.007211</td>\n",
       "      <td>0.000000</td>\n",
       "    </tr>\n",
       "  </tbody>\n",
       "</table>\n",
       "</div>"
      ],
      "text/plain": [
       "            hdfc       itc       l&t       m&m    sunpha       tcs\n",
       "hdfc    0.000000  0.045393  0.027916  0.024127 -0.079078  0.014362\n",
       "itc     0.045393  0.000000 -0.000718  0.004381 -0.023178 -0.005554\n",
       "l&t     0.027916 -0.000718  0.000000  0.002510 -0.013841  0.007330\n",
